0 177 186 224 242 41 2 175 55 231 238 234 144 43 79 222 65 136 127 151 157 57 188 134 81 115 86 181 56 101 135 18 47 223 78 88 233 197 108 128
s 0 13
1 105 155 11 182 245 70 117 211 198 42 128 193 101 140 146 234 40 236 153 29 62 87 206 232 124 118 97 242 191 27 123 111 22 165 255 254 166 216 223
s 1 93
2 60 150 188 49 3 217 235 193 121 17 157 92 133 164 210 110 11 255 43 253 76 230 194 108 15 103 162 86 83 167 20 71 212 23 139 4 58 35 221
s 2 238
3 202 44 177 234 199 215 66 117 37 243 197 155 211 236 16 226 214 58 233 146 119 39 94 247 187 90 36 15 235 213 55 106 116 31 156 171 19 30 42
s 3 70
4 154 30 51 54 169 178 60 71 180 98 134 142 94 253 82 149 167 44 152 102 112 222 243 123 37 129 215 74 137 240 12 175 133 194 14 172 88 79 233
s 4 164
5 115 48 81 161 6 188 158 90 66 52 5 102 194 11 19 44 217 58 213 116 60 235 2 18 144 95 165 65 236 77 174 27 43 186 169 225 40 250 153
s 5 251
6 25 245 142 14 196 79 108 167 61 9 52 43 136 157 71 37 115 156 172 200 42 12 138 92 154 65 125 215 174 153 149 19 235 246 123 29 182 62 210
s 6 166
7 220 146 1 239 23 78 199 185 243 7 95 181 109 117 191 167 16 130 37 29 84 38 169 246 176 14 245 41 79 56 229 250 187 210 11 232 85 10 174
s 7 142
8 56 222 124 88 180 148 35 239 68 116 183 248 164 6 72 63 194 46 201 7 128 52 37 66 184 85 157 186 242 53 33 234 255 212 28 69 103 16 65
s 8 207
9 4 128 14 5 197 196 236 146 98 253 161 199 13 207 99 0 134 133 156 94 231 204 162 120 191 29 105 151 49 96 203 102 164 180 69 8 242 217 237
s 9 47
10 171 143 114 196 15 31 122 85 216 157 146 117 250 88 26 12 9 218 24 248 169 125 5 132 68 63 7 198 108 217 194 34 207 1 240 91 163 228 140
s 10 130
11 107 98 42 212 111 208 103 37 225 108 153 130 39 100 113 114 94 207 248 84 20 151 147 236 59 209 6 116 128 64 8 247 189 170 44 181 239 160 191
s 11 210
12 107 128 46 57 59 181 220 206 125 173 50 116 227 132 56 139 3 10 222 176 229 160 26 217 93 234 191 43 166 7 152 15 157 155 121 63 137 74 194
s 12 115
13 29 18 249 181 48 133 154 185 45 175 228 173 196 112 83 122 134 38 36 66 30 43 183 140 116 156 211 33 70 82 13 252 42 19 22 147 34 219 193
s 13 199
14 156 218 22 14 51 167 206 172 52 21 252 232 174 251 248 44 42 54 132 204 75 86 79 125 99 16 73 152 165 76 141 147 169 37 137 96 11 100 124
s 14 153
15 22 142 151 71 162 230 105 234 239 209 207 169 171 139 146 5 4 236 118 227 197 166 147 9 250 43 63 13 170 122 165 172 26 90 208 120 14 7 84
s 15 246
16 42 169 167 95 233 140 21 222 24 82 117 47 90 191 5 13 99 74 33 26 51 80 122 45 123 32 8 249 206 156 253 193 71 212 46 170 43 20 205
s 16 30
17 231 206 23 240 50 238 158 166 1 56 145 254 174 87 60 69 102 250 147 78 200 58 3 71 7 222 251 236 138 5 232 90 190 61 218 139 110 47 2
s 17 108
18 190 12 251 70 87 73 238 91 165 204 206 225 211 77 232 16 231 100 189 121 103 170 28 176 197 226 26 13 151 157 4 64 58 196 178 76 30 5 71
s 18 179
19 71 111 40 251 181 109 107 88 4 248 115 19 59 172 129 43 183 102 42 205 70 216 250 91 108 155 190 20 127 68 80 167 120 245 211 231 130 247 185
s 19 94
20 56 222 124 148 6 184 128 115 248 72 46 88 239 201 232 66 13 186 4 133 242 7 255 194 71 53 230 23 35 85 156 69 37 183 240 28 116 65 212
s 20 73
21 128 4 196 236 204 5 134 214 146 99 207 105 197 14 89 66 199 133 0 145 100 231 43 162 253 102 151 234 143 225 191 156 227 203 242 164 29 120 237
s 21 94
22 143 171 15 31 85 114 146 216 117 132 140 194 196 26 157 160 128 236 122 51 116 97 198 169 24 246 119 108 107 207 81 0 159 242 12 187 68 254 17
s 22 7
23 101 208 107 111 59 80 212 98 84 225 100 113 40 39 189 42 37 103 94 6 44 83 130 8 128 36 170 216 248 116 151 147 20 61 114 64 201 209 207
s 23 190
24 107 46 128 181 57 59 116 125 173 206 220 222 15 139 227 152 229 50 132 48 217 74 176 11 43 93 166 7 203 121 87 106 155 19 119 26 65 157 63
s 24 160
25 48 181 249 18 19 29 133 0 228 175 45 211 51 134 196 140 147 183 122 199 193 36 6 156 173 30 112 81 200 42 43 222 254 252 4 33 97 145 142
s 25 83
26 156 22 218 14 206 252 232 52 86 248 51 174 172 251 141 132 96 76 204 75 54 21 137 169 99 93 16 79 89 73 167 165 152 100 147 44 72 146 124
s 26 203
27 71 142 151 22 209 234 230 162 105 5 139 13 236 239 9 169 207 118 7 172 138 146 113 147 3 181 43 177 165 197 171 63 1 166 26 250 248 58 116
s 27 170
28 21 95 42 222 82 167 169 99 193 231 20 140 8 191 43 233 5 117 111 24 26 54 103 80 156 206 83 249 31 226 190 196 74 212 2 47 211 33 188
s 28 133
29 206 231 240 23 158 88 50 56 21 1 139 238 5 236 229 34 3 250 69 78 87 61 150 174 147 7 222 251 173 254 204 90 218 98 185 76 232 138 172
s 29 49
30 165 103 190 70 251 73 16 91 162 206 225 12 170 151 231 189 71 28 77 13 226 197 87 221 34 211 179 69 51 175 205 178 187 50 233 128 238 188 196
s 30 29
31 71 111 40 107 251 91 59 14 88 252 60 183 185 216 120 109 43 199 129 205 102 4 19 233 190 28 181 240 42 39 113 231 172 179 115 250 95 245 116
s 31 130
32 21 61 91 176 179 197 86 236 158 62 68 47 201 254 186 177 94 90 206 195 194 102 221 48 146 18 101 178 75 14 55 119 50 223 96 224 217 246 64
s 32 19
33 12 122 74 107 104 232 58 238 38 86 40 94 190 224 97 36 6 83 139 3 89 185 121 37 132 171 55 126 41 11 151 5 161 28 217 95 162 156 93
s 33 143
34 235 44 28 56 252 240 21 34 95 238 70 19 188 1 246 10 90 102 180 213 187 116 54 209 101 47 212 227 82 96 207 55 255 175 97 206 171 11 208
s 34 109
35 3 20 61 218 129 161 148 214 73 190 63 212 39 236 145 22 99 151 111 153 74 60 49 185 184 160 85 123 142 223 40 167 103 100 131 235 244 2 57
s 35 36
36 193 211 239 139 202 70 188 227 39 117 115 152 181 78 8 246 42 0 147 120 195 251 248 98 104 24 49 142 129 234 210 176 153 119 244 67 34 84 172
s 36 10
37 45 58 143 209 83 161 87 84 14 229 22 7 37 90 60 193 241 174 78 67 190 27 97 220 15 227 57 103 135 219 104 199 50 88 126 31 124 95 43
s 37 162
38 44 39 92 75 3 234 157 250 30 148 244 14 118 97 9 119 86 101 127 162 126 215 167 22 71 201 84 15 189 146 169 124 27 47 40 33 198 139 212
s 38 79
39 52 92 220 15 189 235 61 62 38 23 36 16 252 250 203 72 158 70 254 13 69 14 2 1 22 177 246 243 248 146 181 224 145 77 68 242 114 85 244
s 39 129
