2 60 150 188 49 3 217 235 193 121 17 157 92 133 164 210 110 11 255 43 253 76 230 194 108 15 103 162 86 83 167 20 71 212 23 139 4 58 35 221
s 2 238
7 220 146 1 239 23 78 199 185 243 7 95 181 109 117 191 167 16 130 37 29 84 38 169 246 176 14 245 41 79 56 229 250 187 210 11 232 85 10 174
s 7 142
12 107 128 46 57 59 181 220 206 125 173 50 116 227 132 56 139 3 10 222 176 229 160 26 217 93 234 191 43 166 7 152 15 157 155 121 63 137 74 194
s 12 115
17 231 206 23 240 50 238 158 166 1 56 145 254 174 87 60 69 102 250 147 78 200 58 3 71 7 222 251 236 138 5 232 90 190 61 218 139 110 47 2
s 17 108
22 143 171 15 31 85 114 146 216 117 132 140 194 196 26 157 160 128 236 122 51 116 97 198 169 24 246 119 108 107 207 81 0 159 242 12 187 68 254 17
s 22 7
27 71 142 151 22 209 234 230 162 105 5 139 13 236 239 9 169 207 118 7 172 138 146 113 147 3 181 43 177 165 197 171 63 1 166 26 250 248 58 116
s 27 170
32 21 61 91 176 179 197 86 236 158 62 68 47 201 254 186 177 94 90 206 195 194 102 221 48 146 18 101 178 75 14 55 119 50 223 96 224 217 246 64
s 32 19
37 45 58 143 209 83 161 87 84 14 229 22 7 37 90 60 193 241 174 78 67 190 27 97 220 15 227 57 103 135 219 104 199 50 88 126 31 124 95 43
s 37 162
